1234271612314279937
1239194801871994880
1239287925122248704
1240038430295445509
1241022427573948419
1241840691216625670
1242533339694804993
1242541261321576449
1242561720801001474
1242567735000924167
1242568164787003399
1242603675601821702
1242604676689940480
1242605049106358273
1242605455895080967
1242830519471136770
1242851713389858822
1243215294228725760
1243227776355885058
1243612769892601856
1246200654516887558
1246484059313917955
1246560477645352962
1246864466471530497
1246864720096788481
1246976907750641664
1249472456252932096
1249473447589265408
1249706037365669894
1249800483151249410
1249801404065202181
1249802102291009536
1250060759075303432
1250087936542093312
1250529782636384263
1251893173145796608
1251894930944991239
1251903907686690821
1251905747220410368
1251907640525033482
1251934909767221248
1252248258862342144
1252248359919894528
1253303446440161287
1253483110441914368
1253483601188003843
1253682260164980737
1253710272830803968
1253715210046767105
1253716255061741570
1253779340460019716
1253779475411632129
1254381684558045185
1254520923107004416
1254521106783928320
1255198281778565121
1255200228409593857
1255200454113406978
1255201219003453441
1255639524971077638
1255641761428488192
1255967895185653766
1256252440774610944
1256578584573104128
1256690597085274114
1256993425506947072
1257340928135704576
1257342199949414401
1257344597019242497
1257345623998808068
1257345674716348416
1257345993936384005
1257348233111703554
1257352310478573569
1257361435816005635
1257387006558076929
1257413913068605448
1257423054872985600
1258791419306741762
1260721661344731137
1260721722996731905
1260912991823974400
1260964238979477505
1260964568358170625
1261010031211937793
1261010671262674946
1261011493887381506
1261013838784315395
1261014920600133634
1261015239249801223
1261016396412129283
1261017303568834565
1261018702197264384
1261019125855465474
1261023629766201345
1261024009312972801
1261025488245571584
1261314629353037825
1262811894412443650
1262813474075394049
1262814637504036864
1262820851973586945
1262829633612939266
1263209896159383552
1264232397782102018
1264334359663980544
1264565933688999936
1264566541267410944
1264566827268616194
1264567222686621696
1264567465159385088
1264567888167481345
1264572383324770304
1264573313470398464
1264578936220127232
1264579248515428352
1264583771531157505
1264583852988735490
1264587168128872448
1264662676002742275
1264705266181963777
1264705449246547969
1267162955910709249
1267163545084530689
1344781111575126018
1356746620285689861
1375155766672384000
1399381883276890117