1246200654516887558
1249800483151249410
1249801404065202181
1249802102291009536
1251903907686690821
1251907640525033482
1253710272830803968
1253715210046767105
1255200454113406978
1256993425506947072
1257340928135704576
1257344597019242497
1257345623998808068
1257345674716348416
1257345993936384005
1257348233111703554
1257352310478573569
1257361435816005635
1257413913068605448
1257423054872985600
1261010671262674946
1261011493887381506
1261013838784315395
1261015239249801223
1261016396412129283
1261017303568834565
1261019125855465474
1261023629766201345
1261025488245571584
1261314629353037825
1264579248515428352
1267162955910709249
1267163545084530689